1	-9.757856403650669	-36.67804561552743
2	-9.439454891559503	-35.51303353130989
3	-9.400400729528005	-35.49654741530752
4	-9.359524051995127	-35.47439830167469
5	-9.804735492371691	-35.86719533585857
6	-9.844207550703137	-35.900891662745686
7	-9.821813002420145	-35.87679175783768
8	-10.16036695925168	-36.13479847636556
9	-10.073283333333329	-36.04771666666667
10	-10.12767759196768	-36.10933502528072
11	-10.16031346768886	-36.15787684389203
12	-10.1966158370665	-36.19039710441965
13	-9.422923814281850	-38.18364442418620
14	-10.299417599063709	-36.29105216943741
15	-9.124834172500512	-35.277586066676626
16	-9.092654585274557	-35.258253567977924
17	-9.956100673147212	-36.048585889767544
18	-10.0057816511157	-36.00574653464852
19	-10.047729340551074	-36.02862917372988
20	-9.966725596139536	-35.983231787284396
21	-9.592648764190246	-35.668946611296775
22	-9.98357629206869	-36.08319895686099
23	-10.047742057415997	-36.028619384813204
24	-9.69605517159951	-35.78017068629510
25	-9.692338954259395	-35.7777239867298
26	-9.669029369135036	-35.712956937659555
27	-9.664286419180032	-35.695451554186945
28	-9.647905270931005	-35.69993127966245
29	-9.637440343401643	-35.697868315882644
